  8979.3000     0.12876249     
  8979.4500     0.13903375     
  8979.6000     0.14993946     
  8979.7500     0.16311516     
  8979.9000     0.17964134     
  8980.0500     0.19589853     
  8980.2000     0.21397534     
  8980.3500     0.23690233     
  8980.5000     0.26280142     
  8980.6500     0.29218768     
  8980.8000     0.32376904     
  8980.9500     0.35854866     
  8981.1000     0.39336259     
  8981.2500     0.42944857     
  8981.4000     0.46528125     
  8981.5500     0.50099851     
  8981.7000     0.52953414     
  8981.8500     0.55544177     
  8982.0000     0.57800716     
  8982.1500     0.59601476     
  8982.3000     0.61108366     
  8982.4500     0.62294826     
  8982.6000     0.63316311     
  8982.7500     0.63953320     
  8982.9000     0.64522603     
  8983.0500     0.65142373     
  8983.2000     0.65763794     
  8983.3500     0.66591668     
  8983.5000     0.67380416     
  8983.6500     0.68118561     
  8983.8000     0.68843735     
  8983.9500     0.69742416     
  8984.1000     0.70498621     
  8984.2500     0.71559998     
  8984.4000     0.72704857     
  8984.5500     0.73747837     
  8984.7000     0.74703496     
  8984.8500     0.76185048     
  8985.0000     0.77599097     
  8985.1500     0.77971710     
  8985.3000     0.78623429     
  8985.4500     0.79655324     
  8985.6000     0.80777635     
  8985.7500     0.81890732     
  8985.9000     0.82446543     
  8986.0500     0.83277672     
  8986.2000     0.83955047     
  8986.3500     0.84506820     
  8986.5000     0.85003193     
  8986.6500     0.85470574     
  8986.8000     0.86291430     
  8986.9500     0.86753095     
  8987.1000     0.86354453     
  8987.2500     0.86615535     
  8987.4000     0.87019923     
  8987.5500     0.87795825     
  8987.7000     0.88045498     
  8987.8500     0.88392122     
  8988.0000     0.88373181     
  8988.1500     0.89113137     
  8988.3000     0.90221556     
  8988.4500     0.90306351     
  8988.6000     0.90185435     
  8988.7500     0.90454541     
  8988.9000     0.91157790     
  8989.0500     0.91718641     
  8989.2000     0.92162681     
  8989.3500     0.92830438     
  8989.5000     0.92825201     
  8989.6500     0.92929866     
  8989.8000     0.93887493     
  8989.9500     0.94331423     
  8990.1000     0.94733651     
  8990.2500     0.95026837     
  8990.4000     0.94477940     
  8990.5500     0.94568518     
  8990.7000     0.94452674     
  8990.8500     0.95260785     
  8991.0000     0.98141216     
  8991.5000     0.95491958     
  8992.0000     0.96312474     
  8992.5000     0.96281148     
  8993.0000     0.96885806     
  8993.5000     0.96376996     
  8994.0000     0.96451283     
  8994.5000     0.96108342     
  8995.0000     0.96225852     
  8995.5000     0.96250630     
  8996.0000     0.96134886     
  8996.5000     0.96985033     
  8997.0000     0.96912416     
  8997.5000     0.97846259     
  8998.0000     0.98264817     
  8998.5000     0.97942207     
  8999.0000     0.98612456     
  8999.5000     0.98920837     
  9000.0000     0.98851506     
  9000.5000     0.99372634     
  9001.0000     0.99487076     
  9001.5000      1.0005031     
  9002.0000      1.0048191     
  9002.5000     0.99988669     
  9003.0000      1.0006855     
  9003.5000      1.0009151     
  9004.0000     0.99756312     
  9004.5000     0.99487111     
  9005.0000     0.99467786     
  9005.5000     0.99332335     
  9006.0000     0.99658329     
  9006.5000     0.99404031     
  9007.0000     0.98868894     
  9007.5000     0.99316300     
  9008.0000     0.99642906     
  9008.5000     0.99175205     
  9009.0000     0.98989847     
  9009.5000     0.99436356     
  9010.0000     0.99279647     
  9010.5000     0.99122194     
  9011.0000     0.99410917     
  9011.5000     0.99300649     
  9012.0000     0.98712727     
  9012.5000     0.98385085     
  9013.0000     0.98690551     
  9013.5000     0.98934045     
  9014.0000     0.98179600     
  9014.5000     0.98143435     
  9015.0000     0.98230392     
  9015.5000     0.97965858     
  9016.0000     0.97680862     
  9016.5000     0.97187056     
  9017.0000     0.97162377     
  9017.5000     0.97083068     
  9018.0000     0.96955537     
  9018.5000     0.96855622     
  9019.0000     0.96784112     
  9019.5000     0.96489341     
  9020.0000     0.96067696     
  9020.5000     0.95920068     
  9021.0000     0.95958317     
  9021.5000     0.95419632     
  9022.0000     0.95338701     
  9022.5000     0.95182923     
  9023.0000     0.94901046     
  9023.5000     0.95179053     
  9024.0000     0.95464877     
  9024.5000     0.95458593     
  9025.0000     0.95217648     
  9025.5000     0.95395595     
  9026.0000     0.95331897     
  9026.5000     0.95136892     
  9027.0000     0.95180277     
  9028.0181     0.95664325     
  9029.0484     0.95952663     
  9030.0908     0.96599882     
  9031.1455     0.96977131     
  9032.2123     0.96761322     
  9033.2914     0.97117082     
  9034.3826     0.97661756     
  9035.4860     0.98384090     
  9036.6017     0.98989174     
  9037.7295     0.99230357     
  9038.8695     0.99532131     
  9040.0217     0.99425278     
  9041.1861     0.99859213     
  9042.3626      1.0008903     
  9043.5514      1.0043787     
  9044.7524      1.0096874     
  9045.9655      1.0109072     
  9047.1909      1.0129177     
  9048.4284      1.0134366     
  9049.6781      1.0158962     
  9050.9401      1.0182311     
  9052.2142      1.0183099     
  9053.5005      1.0220646     
  9054.7990      1.0215541     
  9056.1097      1.0192426     
  9057.4326      1.0189745     
  9058.7676      1.0171173     
  9060.1149      1.0181851     
  9061.4744      1.0112187     
  9062.8460      1.0096270     
  9064.2298      1.0045534     
  9065.6259      1.0026279     
  9067.0341      1.0011906     
  9068.4545     0.99441524     
  9069.8871     0.99199532     
  9071.3319     0.98804520     
  9072.7889     0.98889724     
  9074.2581     0.98770465     
  9075.7395     0.98697760     
  9077.2331     0.98568195     
  9078.7388     0.98033269     
  9080.2568     0.97983939     
  9081.7869     0.97709672     
  9083.3293     0.97718996     
  9084.8838     0.97637544     
  9086.4505     0.97701198     
  9088.0294     0.97944387     
  9089.6205     0.97891348     
  9091.2238     0.98215175     
  9092.8393     0.98383300     
  9094.4670     0.98525182     
  9096.1069     0.99120221     
  9097.7589     0.98942352     
  9099.4232     0.99381551     
  9101.0996     0.99509032     
  9102.7883     0.99802326     
  9104.4891      1.0031582     
  9106.2021      1.0009133     
  9107.9273      1.0060327     
  9109.6647      1.0052867     
  9111.4143      1.0085099     
  9113.1761      1.0100381     
  9114.9501      1.0064176     
  9116.7363      1.0075796     
  9118.5346      1.0059015     
  9120.3452      1.0066549     
  9122.1680      1.0080809     
  9124.0029      1.0080321     
  9125.8500      1.0110290     
  9127.7094      1.0071783     
  9129.5809      1.0088092     
  9131.4646      1.0081119     
  9133.3605      1.0034503     
  9135.2686      1.0047224     
  9137.1889      1.0011583     
  9139.1213     0.99982282     
  9141.0660     0.99744347     
  9143.0229     0.99591019     
  9144.9919     0.99611725     
  9146.9732     0.99407393     
  9148.9666     0.99365114     
  9150.9722     0.99239304     
  9152.9901     0.99204861     
  9155.0201     0.99201037     
  9157.0623     0.99105564     
  9159.1167     0.99184394     
  9161.1833     0.99162470     
  9163.2620     0.99241034     
  9165.3530     0.99335947     
  9167.4562     0.99455990     
  9169.5715     0.99595341     
  9171.6991     0.99619945     
  9173.8388     0.99841307     
  9175.9908     0.99923008     
  9178.1549      1.0001574     
  9180.3312     0.99911849     
  9182.5197      1.0010158     
  9184.7204      1.0030927     
  9186.9333      1.0033741     
  9189.1584      1.0036450     
  9191.3956      1.0024586     
  9193.6451      1.0019320     
  9195.9068      1.0015770     
  9198.1806      1.0024368     
  9200.4667      1.0031486     
  9202.7649      1.0016178     
  9205.0753      1.0017965     
  9207.3979      1.0014175     
  9209.7328      1.0019498     
  9212.0798      1.0018513     
  9214.4390      1.0018937     
  9216.8103      1.0016359     
  9219.1939      1.0019836     
  9221.5897      1.0030821     
  9223.9976      1.0008689     
  9226.4178      1.0008175     
  9228.8501     0.99987781     
  9231.2947      1.0001225     
  9233.7514     0.99900372     
  9236.2203     0.99870744     
  9238.7015     0.99865503     
  9241.1948     0.99794090     
  9243.7003     0.99823965     
  9246.2179     0.99825190     
  9248.7478     0.99789885     
  9251.2899     0.99702385     
  9253.8442     0.99742162     
  9256.4106     0.99725403     
  9258.9893     0.99741582     
  9261.5801     0.99849512     
  9264.1831     0.99777653     
  9266.7984     0.99794925     
  9269.4258     0.99811176     
  9272.0654     0.99868121     
  9274.7172     0.99938615     
  9277.3812      1.0010648     
  9280.0574      1.0003230     
  9282.7457     0.99956978     
  9285.4463     0.99916954     
  9288.1591     0.99910405     
  9290.8840     0.99936166     
  9293.6212     0.99971043     
  9296.3705      1.0003047     
  9299.1320      1.0001885     
  9301.9057      1.0006000     
  9304.6917      1.0006455     
  9307.4898      1.0012930     
  9310.3001      1.0011877     
  9313.1225      1.0012888     
  9315.9572      1.0011528     
  9318.8041      1.0016537     
  9321.6631      1.0015605     
  9324.5344      1.0022953     
  9327.4178      1.0018986     
  9330.3135      1.0013008     
  9333.2213      1.0011821     
  9336.1413      1.0012431     
  9339.0736      1.0011490     
  9342.0180      1.0005712     
  9344.9746      1.0004073     
  9347.9433      1.0005959     
  9350.9243      1.0006260     
  9353.9175      1.0006755     
  9356.9229      1.0007786     
  9359.9404      1.0005431     
  9362.9702      1.0010450     
  9366.0121      1.0010856     
  9369.0662      1.0005963     
  9372.1326      1.0001660     
  9375.2111      1.0004986     
  9378.3018      1.0005819     
  9381.4047      1.0006979     
  9384.5198      1.0005734     
  9387.6471      1.0005570     
  9390.7866      1.0008874     
  9393.9382      1.0010522     
  9397.1021      1.0009307     
  9400.2781      1.0010062     
  9403.4664      1.0014282     
  9406.6668      1.0018699     
  9409.8794      1.0017764     
  9413.1043      1.0015891     
  9416.3413      1.0019887     
  9419.5905      1.0020843     
  9422.8519      1.0022637     
  9426.1255      1.0019229     
  9429.4112      1.0017636     
  9432.7092      1.0017298     
  9436.0194      1.0019073     
  9439.3417      1.0018815     
  9442.6763      1.0018258     
  9446.0230      1.0020615     
  9449.3819      1.0023022     
  9452.7531      1.0026601     
  9456.1364      1.0018857     
  9459.5319      1.0015901     
  9462.9396      1.0017712     
  9466.3595      1.0017099     
  9469.7916      1.0013943     
  9473.2358      1.0011151     
  9476.6923      1.0014040     
  9480.1610      1.0013595     
  9483.6418      1.0009632     
  9487.1348      1.0006608     
  9490.6401      1.0008810     
  9494.1575      1.0014064     
  9497.6871      1.0004192     
  9501.2289      1.0007306     
  9504.7829      1.0005778     
  9508.3491      1.0012478     
  9511.9275      1.0012694     
  9515.5181      1.0009135     
  9519.1209      1.0006351     
  9522.7358      1.0004540     
  9526.3630      1.0004162     
  9530.0023     0.99992505     
  9533.6539     0.99999287     
  9537.3176     0.99910809     
  9540.9935     0.99864802     
  9544.6816     0.99930875     
  9548.3819      1.0000334     
  9552.0944     0.99969459     
  9555.8191     0.99949419     
  9559.5560     0.99932562     
  9563.3051      1.0001515     
  9567.0663     0.99977799     
  9570.8398     0.99889505     
  9574.6254     0.99974430     
  9578.4233      1.0006471     
  9582.2333      1.0002695     
  9586.0555     0.99989349     
  9589.8899      1.0001827     
  9593.7365     0.99988072     
  9597.5953     0.99930607     
  9601.4663     0.99894703     
  9605.3495     0.99889716     
  9609.2449     0.99872786     
  9613.1524     0.99836619     
  9617.0722     0.99825482     
  9621.0042     0.99831197     
  9624.9483     0.99711166     
  9628.9046     0.99768536     
  9632.8732     0.99885156     
  9636.8539     0.99930610     
  9640.8468     0.99837639     
  9644.8519     0.99860886     
  9648.8692     0.99889361     
  9652.8987     0.99841124     
  9656.9403     0.99833882     
  9660.9942     0.99862484     
  9665.0603     0.99870697     
  9669.1385     0.99879622     
  9673.2290     0.99943632     
  9677.3316     0.99960404     
  9681.4464     0.99984457     
  9685.5735      1.0004032     
  9689.7127      1.0001369     
  9693.8641      1.0001673     
  9698.0277      1.0007478     
  9702.2035      1.0003184     
  9706.3914     0.99998015     
  9710.5916      1.0002531     
  9714.8040      1.0000766     
  9719.0285     0.99958330     
  9723.2653      1.0005145     
  9727.5142      1.0001212     
  9731.7754     0.99974860     
  9736.0487     0.99997733     
  9740.3342     0.99993387     
  9744.6319      1.0000223     
  9748.9418      1.0012061     
