  8979.3000         0.13454380
  8979.4500         0.14305661
  8979.6000         0.14974959
  8979.7500         0.15714923
  8979.9000         0.16142956
  8980.0500         0.16747346
  8980.2000         0.17151873
  8980.3500         0.17852627
  8980.5000         0.18739664
  8980.6500         0.19441307
  8980.8000         0.20368185
  8980.9500         0.21409857
  8981.1000         0.22624471
  8981.2500         0.24346490
  8981.4000         0.26071141
  8981.5500         0.28022617
  8981.7000         0.30029561
  8981.8500         0.31941783
  8982.0000         0.34309732
  8982.1500         0.36362200
  8982.3000         0.38739801
  8982.4500         0.41265512
  8982.6000         0.43466032
  8982.7500         0.45587619
  8982.9000         0.48032350
  8983.0500         0.50456358
  8983.2000         0.52853004
  8983.3500         0.55190494
  8983.5000         0.57455705
  8983.6500         0.59572371
  8983.8000         0.61073286
  8983.9500         0.62818000
  8984.1000         0.64550886
  8984.2500         0.66023317
  8984.4000         0.67282816
  8984.5500         0.68666955
  8984.7000         0.70436654
  8984.8500         0.71497886
  8985.0000         0.72664656
  8985.1500         0.74211530
  8985.3000         0.75732335
  8985.4500         0.76950974
  8985.6000         0.78373084
  8985.7500         0.79738472
  8985.9000         0.81287564
  8986.0500         0.82790081
  8986.2000         0.83723700
  8986.3500         0.84635143
  8986.5000         0.86099420
  8986.6500         0.87293846
  8986.8000         0.87570639
  8986.9500         0.88071936
  8987.1000         0.88772479
  8987.2500         0.88892144
  8987.4000         0.88716196
  8987.5500         0.88601562
  8987.7000         0.88580029
  8987.8500         0.88364141
  8988.0000         0.88473351
  8988.1500         0.87793327
  8988.3000         0.87131728
  8988.4500         0.87105785
  8988.6000         0.86649682
  8988.7500         0.86679620
  8988.9000         0.86424043
  8989.0500         0.86045782
  8989.2000         0.86409581
  8989.3500         0.86702833
  8989.5000         0.87016167
  8989.6500         0.87406232
  8989.8000         0.87881291
  8989.9500         0.88030293
  8990.1000         0.88310716
  8990.2500         0.88988069
  8990.4000         0.89120766
  8990.5500         0.89315282
  8990.7000         0.90523758
  8990.8500         0.90466556
  8991.0000         0.91150749
  8991.5000         0.91802842
  8992.0000         0.92566198
  8992.5000         0.93144143
  8993.0000         0.93611039
  8993.5000         0.94487125
  8994.0000         0.95383909
  8994.5000         0.96443388
  8995.0000         0.97449652
  8995.5000         0.98107325
  8996.0000         0.98740639
  8996.5000         0.99114600
  8997.0000         0.99457956
  8997.5000         0.99484468
  8998.0000         0.99560551
  8998.5000         0.99969396
  8999.0000          1.0010712
  8999.5000          1.0056279
  9000.0000          1.0096149
  9000.5000          1.0103671
  9001.0000          1.0143686
  9001.5000          1.0133279
  9002.0000          1.0123579
  9002.5000          1.0153601
  9003.0000          1.0148384
  9003.5000          1.0148353
  9004.0000          1.0163107
  9004.5000          1.0121759
  9005.0000          1.0110032
  9005.5000          1.0132069
  9006.0000          1.0154718
  9006.5000          1.0148581
  9007.0000          1.0153407
  9007.5000          1.0174013
  9008.0000          1.0148264
  9008.5000          1.0102745
  9009.0000          1.0118840
  9009.5000          1.0142436
  9010.0000          1.0120458
  9010.5000          1.0118882
  9011.0000          1.0147035
  9011.5000          1.0139092
  9012.0000          1.0100174
  9012.5000          1.0077443
  9013.0000          1.0090838
  9013.5000          1.0088301
  9014.0000          1.0019493
  9014.5000         0.99696757
  9015.0000         0.99521122
  9015.5000         0.99027705
  9016.0000         0.98359052
  9016.5000         0.97752504
  9017.0000         0.97450604
  9017.5000         0.97246759
  9018.0000         0.96721804
  9018.5000         0.96304346
  9019.0000         0.96579042
  9019.5000         0.96379196
  9020.0000         0.95694654
  9020.5000         0.95107093
  9021.0000         0.95138410
  9021.5000         0.94889433
  9022.0000         0.94367893
  9022.5000         0.94107044
  9023.0000         0.93973519
  9023.5000         0.94043599
  9024.0000         0.94237690
  9024.5000         0.94121764
  9025.0000         0.93723042
  9025.5000         0.93889093
  9026.0000         0.94052684
  9026.5000         0.94204037
  9027.0000         0.94311471
  9028.0181         0.94798088
  9029.0484         0.95205881
  9030.0908         0.95627553
  9031.1455         0.96114105
  9032.2123         0.96386606
  9033.2914         0.96609362
  9034.3826         0.96867978
  9035.4860         0.97092822
  9036.6017         0.97398708
  9037.7295         0.97617948
  9038.8695         0.97861286
  9040.0217         0.98076654
  9041.1861         0.98493874
  9042.3626         0.99020895
  9043.5514         0.99468192
  9044.7524          1.0000949
  9045.9655          1.0066883
  9047.1909          1.0110958
  9048.4284          1.0168208
  9049.6781          1.0209631
  9050.9401          1.0253727
  9052.2142          1.0278955
  9053.5005          1.0284470
  9054.7990          1.0312380
  9056.1097          1.0308028
  9057.4326          1.0306593
  9058.7676          1.0305479
  9060.1149          1.0271018
  9061.4744          1.0241909
  9062.8460          1.0205159
  9064.2298          1.0183660
  9065.6259          1.0155550
  9067.0341          1.0120466
  9068.4545          1.0071507
  9069.8871          1.0019975
  9071.3319         0.99806795
  9072.7889         0.99297088
  9074.2581         0.99052162
  9075.7395         0.98713675
  9077.2331         0.98385639
  9078.7388         0.98369725
  9080.2568         0.97831535
  9081.7869         0.97799229
  9083.3293         0.97803257
  9084.8838         0.97964049
  9086.4505         0.97882245
  9088.0294         0.97649321
  9089.6205         0.97740308
  9091.2238         0.97699729
  9092.8393         0.97989919
  9094.4670         0.98346505
  9096.1069         0.98396076
  9097.7589         0.98650223
  9099.4232         0.98628721
  9101.0996         0.98758523
  9102.7883         0.99298099
  9104.4891         0.99450324
  9106.2021         0.99640539
  9107.9273         0.99697568
  9109.6647         0.99665648
  9111.4143         0.99973967
  9113.1761         0.99937938
  9114.9501          1.0017928
  9116.7363          1.0038502
  9118.5346          1.0026416
  9120.3452          1.0039954
  9122.1680          1.0031410
  9124.0029          1.0044134
  9125.8500          1.0056725
  9127.7094          1.0036688
  9129.5809          1.0049476
  9131.4646          1.0022618
  9133.3605          1.0033586
  9135.2686          1.0046264
  9137.1889          1.0018002
  9139.1213          1.0045373
  9141.0660          1.0024712
  9143.0229          1.0022883
  9144.9919         0.99949065
  9146.9732         0.99769225
  9148.9666         0.99741365
  9150.9722         0.99350763
  9152.9901         0.99456020
  9155.0201         0.99501281
  9157.0623         0.99438300
  9159.1167         0.99693886
  9161.1833         0.99575700
  9163.2620         0.99628924
  9165.3530         0.98890090
  9167.4562         0.98847132
  9169.5715         0.98917763
  9171.6991         0.99011834
  9173.8388         0.99380223
  9175.9908         0.99093878
  9178.1549         0.99249055
  9180.3312         0.99051541
  9182.5197         0.99149465
  9184.7204         0.99345325
  9186.9333         0.99242056
  9189.1584         0.99391208
  9191.3956         0.99403039
  9193.6451         0.99576820
  9195.9068         0.99723029
  9198.1806         0.99756900
  9200.4667         0.99906335
  9202.7649         0.99884821
  9205.0753          1.0008856
  9207.3979          1.0003841
  9209.7328          1.0004424
  9212.0798          1.0012908
  9214.4390          1.0014570
  9216.8103          1.0012788
  9219.1939         0.99954696
  9221.5897          1.0000649
  9223.9976         0.99977058
  9226.4178         0.99876470
  9228.8501         0.99756874
  9231.2947         0.99781923
  9233.7514         0.99652894
  9236.2203         0.99666937
  9238.7015         0.99719192
  9241.1948         0.99780484
  9243.7003         0.99798200
  9246.2179         0.99640064
  9248.7478         0.99713542
  9251.2899         0.99723520
  9253.8442         0.99821577
  9256.4106         0.99669890
  9258.9893         0.99734210
  9261.5801         0.99660212
  9264.1831         0.99636623
  9266.7984         0.99763798
  9269.4258         0.99756505
  9272.0654         0.99735033
  9274.7172         0.99659780
  9277.3812         0.99885041
  9280.0574         0.99762059
  9282.7457         0.99828714
  9285.4463         0.99865239
  9288.1591         0.99831751
  9290.8840         0.99943248
  9293.6212          1.0004041
  9296.3705          1.0011276
  9299.1320          1.0002377
  9301.9057         0.99911596
  9304.6917         0.99807174
  9307.4898          1.0007576
  9310.3001          1.0006780
  9313.1225          1.0025447
  9315.9572          1.0005790
  9318.8041          1.0025364
  9321.6631          1.0016530
  9324.5344          1.0009597
  9327.4178          1.0002219
  9330.3135          1.0027245
  9333.2213          1.0017546
  9336.1413          1.0028398
  9339.0736          1.0040937
  9342.0180          1.0036426
  9344.9746          1.0036677
  9347.9433          1.0028722
  9350.9243          1.0023860
  9353.9175          1.0012526
  9356.9229          1.0005704
  9359.9404          1.0027623
  9362.9702          1.0034316
  9366.0121          1.0027964
  9369.0662          1.0026123
  9372.1326          1.0046112
  9375.2111          1.0052379
  9378.3018          1.0057664
  9381.4047          1.0045494
  9384.5198          1.0041726
  9387.6471          1.0035065
  9390.7866          1.0056560
  9393.9382          1.0048623
  9397.1021          1.0041844
  9400.2781          1.0031291
  9403.4664          1.0032404
  9406.6668          1.0024076
  9409.8794          1.0016173
  9413.1043          1.0016624
  9416.3413          1.0038584
  9419.5905          1.0056891
  9422.8519          1.0052699
  9426.1255          1.0043030
  9429.4112          1.0038761
  9432.7092          1.0044377
  9436.0194          1.0040561
  9439.3417          1.0042020
  9442.6763          1.0027602
  9446.0230          1.0029515
  9449.3819          1.0045075
  9452.7531          1.0042799
  9456.1364          1.0040137
  9459.5319          1.0041129
  9462.9396          1.0038438
  9466.3595          1.0032920
  9469.7916          1.0040924
  9473.2358          1.0045308
  9476.6923          1.0042123
  9480.1610          1.0030271
  9483.6418          1.0027633
  9487.1348          1.0028733
  9490.6401          1.0035064
  9494.1575          1.0029292
  9497.6871          1.0021858
  9501.2289          1.0018385
  9504.7829          1.0015320
  9508.3491          1.0007739
  9511.9275          1.0005207
  9515.5181          1.0025158
  9519.1209          1.0019946
  9522.7358          1.0004983
  9526.3630         0.99861446
  9530.0023         0.99842043
  9533.6539         0.99963316
  9537.3176         0.99917735
  9540.9935          1.0002344
  9544.6816          1.0009418
  9548.3819          1.0005468
  9552.0944         0.99907190
  9555.8191         0.99851940
  9559.5560         0.99974521
  9563.3051          1.0004914
  9567.0663         0.99892253
  9570.8398         0.99917702
  9574.6254          1.0006487
  9578.4233         0.99893001
  9582.2333         0.99832631
  9586.0555         0.99923449
  9589.8899          1.0008714
  9593.7365          1.0016831
  9597.5953          1.0012449
  9601.4663          1.0010019
  9605.3495          1.0015467
  9609.2449          1.0006926
  9613.1524         0.99902421
  9617.0722         0.99909732
  9621.0042          1.0005108
  9624.9483         0.99901721
  9628.9046         0.99787140
  9632.8732         0.99836494
  9636.8539         0.99797179
  9640.8468         0.99773259
  9644.8519         0.99765664
  9648.8692         0.99839273
  9652.8987         0.99831996
  9656.9403         0.99778435
  9660.9942         0.99810196
  9665.0603         0.99814988
  9669.1385         0.99765118
  9673.2290         0.99700497
  9677.3316         0.99702064
  9681.4464         0.99720281
  9685.5735         0.99758359
  9689.7127         0.99685023
  9693.8641         0.99705268
  9698.0277         0.99786295
  9702.2035         0.99858095
  9706.3914         0.99894223
  9710.5916         0.99911562
  9714.8040         0.99825515
  9719.0285         0.99786185
  9723.2653         0.99791631
  9727.5142         0.99822645
  9731.7754         0.99784860
  9736.0487         0.99767178
  9740.3342         0.99769551
  9744.6319         0.99742211
  9748.9418         0.99696219
