4.960188600000000406e+03 3.975404600000000295e-03
4.960389000000000124e+03 3.861829800000000056e-03
4.960588999999999942e+03 1.560357999999999971e-03
4.960788700000000063e+03 -3.433379899999999840e-04
4.960988699999999881e+03 -1.311556699999999985e-03
4.961188799999999901e+03 -1.260855300000000064e-03
4.961388200000000325e+03 -6.375125599999999487e-04
4.961588300000000345e+03 -9.716182899999999730e-04
4.961788999999999760e+03 -2.042017299999999806e-03
4.961989300000000185e+03 -2.902083499999999917e-03
4.962189400000000205e+03 -1.207382199999999968e-03
4.962388899999999921e+03 1.116576700000000005e-03
4.962589100000000144e+03 1.431136099999999987e-03
4.962789700000000266e+03 1.514081000000000021e-03
4.962988800000000083e+03 2.191040799999999841e-03
4.963188000000000102e+03 2.682166100000000185e-03
4.963388799999999719e+03 2.787836000000000133e-03
4.963589200000000346e+03 3.137932799999999800e-03
4.963788499999999658e+03 3.947030300000000345e-03
4.963988299999999981e+03 5.212197699999999816e-03
4.964188100000000304e+03 6.746062199999999787e-03
4.964388899999999921e+03 9.186201700000000414e-03
4.964589600000000246e+03 1.263394500000000059e-02
4.964788800000000265e+03 1.614025399999999971e-02
4.964988999999999578e+03 1.763485500000000136e-02
4.965189099999999598e+03 2.027470599999999998e-02
4.965388500000000022e+03 2.627714000000000091e-02
4.965588499999999840e+03 3.345863999999999783e-02
4.965788899999999558e+03 4.097623100000000185e-02
4.965989300000000185e+03 4.995967700000000095e-02
4.966189300000000003e+03 6.166115099999999738e-02
4.966389500000000226e+03 7.545425299999999891e-02
4.966589200000000346e+03 8.994656099999999432e-02
4.966789899999999761e+03 1.062606600000000068e-01
4.966989199999999983e+03 1.221780900000000031e-01
4.967186599999999999e+03 1.361654200000000092e-01
4.967388399999999820e+03 1.481886099999999984e-01
4.967588899999999740e+03 1.600077799999999884e-01
4.967788499999999658e+03 1.734533600000000009e-01
4.967988299999999981e+03 1.831881999999999955e-01
4.968188600000000406e+03 1.880006999999999928e-01
4.968389299999999821e+03 1.911700199999999961e-01
4.968589200000000346e+03 1.926676099999999892e-01
4.968789099999999962e+03 1.899934299999999909e-01
4.968989199999999983e+03 1.825992200000000065e-01
4.969188799999999901e+03 1.772101899999999897e-01
4.969388899999999921e+03 1.737682600000000077e-01
4.969588999999999942e+03 1.696523400000000126e-01
4.969788899999999558e+03 1.637231500000000117e-01
4.969988900000000285e+03 1.561984999999999901e-01
4.970188199999999597e+03 1.476221600000000023e-01
4.970388299999999617e+03 1.405246199999999890e-01
4.970589100000000144e+03 1.351834299999999933e-01
4.970789899999999761e+03 1.304043900000000089e-01
4.970989499999999680e+03 1.261664999999999870e-01
4.971189900000000307e+03 1.241406099999999985e-01
4.971388700000000426e+03 1.226723400000000047e-01
4.971587199999999939e+03 1.235821899999999945e-01
4.971788499999999658e+03 1.258417000000000008e-01
4.971988400000000183e+03 1.271928700000000134e-01
4.972188299999999799e+03 1.265215600000000051e-01
4.972388600000000224e+03 1.227228300000000050e-01
4.972588899999999740e+03 1.186856099999999969e-01
4.972789399999999659e+03 1.168620999999999965e-01
4.972989400000000387e+03 1.167148600000000036e-01
4.973189099999999598e+03 1.170269399999999960e-01
4.973388799999999719e+03 1.166279900000000008e-01
4.973587999999999738e+03 1.190241400000000005e-01
4.973788700000000063e+03 1.218042399999999942e-01
4.973989400000000387e+03 1.256312800000000118e-01
4.974188900000000103e+03 1.314905700000000011e-01
4.974388799999999719e+03 1.393674599999999986e-01
4.974588700000000244e+03 1.480759399999999892e-01
4.974788499999999658e+03 1.571845299999999890e-01
4.974989199999999983e+03 1.680249699999999957e-01
4.975189300000000003e+03 1.808533599999999908e-01
4.975389000000000124e+03 1.918698500000000084e-01
4.975589100000000144e+03 2.046059799999999929e-01
4.975788599999999860e+03 2.193140299999999931e-01
4.975988199999999779e+03 2.340637200000000029e-01
4.976188600000000406e+03 2.487371800000000022e-01
4.976389100000000326e+03 2.684821000000000013e-01
4.976588800000000447e+03 2.921477900000000183e-01
4.976788599999999860e+03 3.146267200000000264e-01
4.976988999999999578e+03 3.334620099999999754e-01
4.977189300000000003e+03 3.514856399999999881e-01
4.977389199999999619e+03 3.698838400000000193e-01
4.977588600000000042e+03 3.886979500000000143e-01
4.977788400000000365e+03 4.072343800000000069e-01
4.977988500000000386e+03 4.268422800000000183e-01
4.978189000000000306e+03 4.469985000000000208e-01
4.978389100000000326e+03 4.662141300000000044e-01
4.978589200000000346e+03 4.835219800000000179e-01
4.978788899999999558e+03 5.016359900000000316e-01
4.978988299999999981e+03 5.213521899999999931e-01
4.979188500000000204e+03 5.411141299999999710e-01
4.979389299999999821e+03 5.615699699999999739e-01
4.979589799999999741e+03 5.859652100000000141e-01
4.979788899999999558e+03 6.116178500000000184e-01
4.979988299999999981e+03 6.382421299999999631e-01
4.980188400000000001e+03 6.638002400000000414e-01
4.980388600000000224e+03 6.878024499999999541e-01
4.980588700000000244e+03 7.120937899999999487e-01
4.980789399999999659e+03 7.404094199999999848e-01
4.980988800000000083e+03 7.691526600000000435e-01
4.981188600000000406e+03 7.950388999999999928e-01
4.981389000000000124e+03 8.195199600000000473e-01
4.981589299999999639e+03 8.455278999999999989e-01
4.981788999999999760e+03 8.741070800000000363e-01
4.981988999999999578e+03 9.028102500000000363e-01
4.982188900000000103e+03 9.300710100000000313e-01
4.982388799999999719e+03 9.583989899999999507e-01
4.982588399999999638e+03 9.856191800000000391e-01
4.982788400000000365e+03 1.011572499999999986e+00
4.982988699999999881e+03 1.035139299999999984e+00
4.983189000000000306e+03 1.056346900000000089e+00
4.983389000000000124e+03 1.077420599999999951e+00
4.983588899999999740e+03 1.100349000000000022e+00
4.983789099999999962e+03 1.121363899999999969e+00
4.983989300000000185e+03 1.138963600000000076e+00
4.984189000000000306e+03 1.155806200000000006e+00
4.984388700000000426e+03 1.171344299999999894e+00
4.984588399999999638e+03 1.183985000000000065e+00
4.984788199999999961e+03 1.194418800000000003e+00
4.984988500000000386e+03 1.203263399999999983e+00
4.985188900000000103e+03 1.210792700000000055e+00
4.985389299999999821e+03 1.218070100000000044e+00
4.985588999999999942e+03 1.226773799999999914e+00
4.985788800000000265e+03 1.237240099999999954e+00
4.985988999999999578e+03 1.244978499999999988e+00
4.986189199999999801e+03 1.247346899999999925e+00
4.986389000000000124e+03 1.247914699999999932e+00
4.986588399999999638e+03 1.249659899999999935e+00
4.986790500000000065e+03 1.252573299999999890e+00
4.986989999999999782e+03 1.254584300000000097e+00
4.987187100000000100e+03 1.254664000000000001e+00
4.987387899999999718e+03 1.253437700000000099e+00
4.987588399999999638e+03 1.252044600000000063e+00
4.987789099999999962e+03 1.250372899999999898e+00
4.987989300000000185e+03 1.247585500000000014e+00
4.988188400000000001e+03 1.244297800000000009e+00
4.988388600000000224e+03 1.243616099999999891e+00
4.988589200000000346e+03 1.241708599999999940e+00
4.988788499999999658e+03 1.237526600000000032e+00
4.988988400000000183e+03 1.233530000000000015e+00
4.989188699999999699e+03 1.229093900000000072e+00
4.989389600000000428e+03 1.224426400000000026e+00
4.989590000000000146e+03 1.220233300000000076e+00
4.989788400000000365e+03 1.217027700000000046e+00
4.989988500000000386e+03 1.213584199999999891e+00
4.990189500000000407e+03 1.208945200000000053e+00
4.990388899999999921e+03 1.203877199999999981e+00
4.990588300000000345e+03 1.198825500000000099e+00
4.990788400000000365e+03 1.195372700000000066e+00
4.990989300000000185e+03 1.192072299999999974e+00
4.991190300000000207e+03 1.187905900000000070e+00
4.991388500000000022e+03 1.185530399999999984e+00
4.991587199999999939e+03 1.183954600000000079e+00
4.991789200000000164e+03 1.181998000000000104e+00
4.991989199999999983e+03 1.176772099999999988e+00
4.992188299999999799e+03 1.170933999999999919e+00
4.992388799999999719e+03 1.167665699999999918e+00
4.992588899999999740e+03 1.167416900000000091e+00
4.992788599999999860e+03 1.166955799999999988e+00
4.992988900000000285e+03 1.166593400000000003e+00
4.993189099999999598e+03 1.168234500000000065e+00
4.993388899999999921e+03 1.169798600000000022e+00
4.993588700000000244e+03 1.168091500000000060e+00
4.993789099999999962e+03 1.165961000000000025e+00
4.993989099999999780e+03 1.163482300000000080e+00
4.994188900000000103e+03 1.162886800000000109e+00
4.994388700000000426e+03 1.163743500000000042e+00
4.994588600000000042e+03 1.164421600000000057e+00
4.994788899999999558e+03 1.164916099999999899e+00
4.994989099999999780e+03 1.166905599999999987e+00
4.995188600000000406e+03 1.169694500000000081e+00
4.995388700000000426e+03 1.173086800000000096e+00
4.995589100000000144e+03 1.175100599999999940e+00
4.995789300000000367e+03 1.177642999999999995e+00
4.995988599999999678e+03 1.179653999999999980e+00
4.996188299999999799e+03 1.180076700000000089e+00
4.996388899999999921e+03 1.179570299999999961e+00
4.996588999999999942e+03 1.180608199999999997e+00
4.996788700000000063e+03 1.183513700000000002e+00
4.996988500000000386e+03 1.187184100000000075e+00
4.997188699999999699e+03 1.188699299999999903e+00
4.997389400000000023e+03 1.188842600000000083e+00
4.997589500000000044e+03 1.190444899999999917e+00
4.997789099999999962e+03 1.192021299999999950e+00
4.997988800000000083e+03 1.190390899999999919e+00
4.998188299999999799e+03 1.189767699999999984e+00
4.998387899999999718e+03 1.190248100000000031e+00
4.998588999999999942e+03 1.192028599999999994e+00
4.998789200000000164e+03 1.193791300000000000e+00
4.998988800000000083e+03 1.196232200000000079e+00
4.999188799999999901e+03 1.198009899999999961e+00
4.999388399999999820e+03 1.197516800000000048e+00
4.999589100000000144e+03 1.196000799999999975e+00
4.999788999999999760e+03 1.196536199999999939e+00
4.999988800000000083e+03 1.197431700000000099e+00
5.000189400000000205e+03 1.197966499999999934e+00
5.000388700000000426e+03 1.196173500000000001e+00
5.000588099999999940e+03 1.194016900000000048e+00
5.000788599999999860e+03 1.192586700000000111e+00
5.000989400000000387e+03 1.190318100000000046e+00
5.001189099999999598e+03 1.185920800000000108e+00
5.001388500000000022e+03 1.181387600000000093e+00
5.001588600000000042e+03 1.178178900000000029e+00
5.001788899999999558e+03 1.176906400000000019e+00
5.001989700000000084e+03 1.176779699999999984e+00
5.002189500000000407e+03 1.175841700000000101e+00
5.002388399999999820e+03 1.171535699999999958e+00
5.002588499999999840e+03 1.167734700000000014e+00
5.002788199999999961e+03 1.164327200000000007e+00
5.002988800000000083e+03 1.160354600000000014e+00
5.003189300000000003e+03 1.155356400000000061e+00
5.003388799999999719e+03 1.148853300000000077e+00
5.003588800000000447e+03 1.141709499999999933e+00
5.003788599999999860e+03 1.135566800000000098e+00
5.003988900000000285e+03 1.130648899999999957e+00
5.004188699999999699e+03 1.125986099999999990e+00
5.004388600000000224e+03 1.120436599999999894e+00
5.004589500000000044e+03 1.115029100000000106e+00
5.004789999999999964e+03 1.107598099999999919e+00
5.004989400000000387e+03 1.100396600000000058e+00
5.005188600000000406e+03 1.093929200000000046e+00
5.005388700000000426e+03 1.089758800000000027e+00
5.005588399999999638e+03 1.086824699999999977e+00
5.005788400000000365e+03 1.082508500000000096e+00
5.005986200000000281e+03 1.076477700000000093e+00
5.006181199999999990e+03 1.070412200000000036e+00
5.006378999999999905e+03 1.063849899999999904e+00
5.006579800000000432e+03 1.058782899999999971e+00
5.006780499999999847e+03 1.053898400000000013e+00
5.006982600000000275e+03 1.050860700000000092e+00
5.007183200000000397e+03 1.048981900000000023e+00
5.007381000000000313e+03 1.047663299999999964e+00
5.007582599999999729e+03 1.045835999999999988e+00
5.007783499999999549e+03 1.040463399999999927e+00
5.007984099999999671e+03 1.036416000000000004e+00
5.008184199999999691e+03 1.031733299999999964e+00
5.008384500000000116e+03 1.025113200000000058e+00
5.008585000000000036e+03 1.025458299999999934e+00
5.008784999999999854e+03 1.017174000000000023e+00
5.008984499999999571e+03 1.008746300000000096e+00
5.009185099999999693e+03 1.009304500000000049e+00
5.009385800000000017e+03 1.001413799999999910e+00
5.009585600000000341e+03 9.914541599999999733e-01
5.009785799999999654e+03 9.857868899999999712e-01
5.009986299999999574e+03 9.814650600000000003e-01
5.010186399999999594e+03 9.780291399999999635e-01
5.010386400000000322e+03 9.732017499999999766e-01
5.010586100000000442e+03 9.723572600000000010e-01
5.010786100000000260e+03 9.717452100000000259e-01
5.010986700000000383e+03 9.616606399999999555e-01
5.011186499999999796e+03 9.535926799999999703e-01
5.011386499999999614e+03 9.543223299999999965e-01
5.011587099999999737e+03 9.479624500000000120e-01
5.011786799999999857e+03 9.378188499999999816e-01
5.011986399999999776e+03 9.411910199999999893e-01
5.012186800000000403e+03 9.431070499999999468e-01
5.012386800000000221e+03 9.313241799999999460e-01
5.012586800000000039e+03 9.254107499999999487e-01
5.012787199999999757e+03 9.300432600000000383e-01
5.012986700000000383e+03 9.292749700000000335e-01
5.013186700000000201e+03 9.232840500000000228e-01
5.013386999999999716e+03 9.198070499999999594e-01
5.013587199999999939e+03 9.185120799999999530e-01
5.013787500000000364e+03 9.177772199999999492e-01
5.013987500000000182e+03 9.196126000000000023e-01
5.014187299999999595e+03 9.232547700000000024e-01
5.014387399999999616e+03 9.200476400000000554e-01
5.014587300000000141e+03 9.133326400000000289e-01
5.014787199999999757e+03 9.179167900000000380e-01
5.014987600000000384e+03 9.273004099999999639e-01
5.015187500000000000e+03 9.241628400000000410e-01
5.015386999999999716e+03 9.141570399999999763e-01
5.015587099999999737e+03 9.136918800000000118e-01
5.015787500000000364e+03 9.215107900000000241e-01
5.016671500000000378e+03 9.161093799999999732e-01
5.018434100000000399e+03 9.100415400000000377e-01
5.020232899999999972e+03 9.021088299999999727e-01
5.022063799999999901e+03 8.952035099999999801e-01
5.023921199999999772e+03 8.937440399999999618e-01
5.025806199999999990e+03 8.972876199999999525e-01
5.027720299999999952e+03 9.017990399999999962e-01
5.029666699999999764e+03 9.070770599999999906e-01
5.031642399999999725e+03 9.160478100000000179e-01
5.033644599999999627e+03 9.299133499999999719e-01
5.035677099999999882e+03 9.427156300000000266e-01
5.037741500000000087e+03 9.549152300000000038e-01
5.039836000000000240e+03 9.677369500000000402e-01
5.041958300000000236e+03 9.786101299999999670e-01
5.044110200000000077e+03 9.879965200000000447e-01
5.046294499999999971e+03 9.964941400000000282e-01
5.048509299999999712e+03 1.003421700000000083e+00
5.050752199999999903e+03 1.012321999999999944e+00
5.053023699999999735e+03 1.023096800000000028e+00
5.055325700000000325e+03 1.031479699999999999e+00
5.057658900000000358e+03 1.036134499999999958e+00
5.060021899999999732e+03 1.038453099999999907e+00
5.062415899999999965e+03 1.039631699999999936e+00
5.064840299999999843e+03 1.039017000000000079e+00
5.067290899999999965e+03 1.038293200000000027e+00
5.069770999999999731e+03 1.038605299999999954e+00
5.072284999999999854e+03 1.037195799999999890e+00
5.074829399999999623e+03 1.033886800000000106e+00
5.077402200000000448e+03 1.027543700000000060e+00
5.080005100000000311e+03 1.019487699999999997e+00
5.082638600000000224e+03 1.012732399999999977e+00
5.085300799999999981e+03 1.004670299999999905e+00
5.087993599999999788e+03 9.974242500000000122e-01
5.090717200000000048e+03 9.954533899999999935e-01
5.093471300000000156e+03 9.926443400000000139e-01
5.096255699999999706e+03 9.840822299999999467e-01
5.099068000000000211e+03 9.788965499999999764e-01
5.101909300000000258e+03 9.772544300000000073e-01
5.104782299999999850e+03 9.751943899999999665e-01
5.107685999999999694e+03 9.756946899999999756e-01
5.110619099999999889e+03 9.791086199999999851e-01
5.113586100000000442e+03 9.824969599999999748e-01
5.116592400000000453e+03 9.849970200000000009e-01
5.119630400000000009e+03 9.886934800000000134e-01
5.122696299999999610e+03 9.908046099999999745e-01
5.125759200000000419e+03 9.916023899999999447e-01
5.128864999999999782e+03 9.956744899999999676e-01
5.132019400000000132e+03 9.993692699999999762e-01
5.135194599999999809e+03 1.001294399999999918e+00
5.138397600000000239e+03 1.001723900000000000e+00
5.141630799999999908e+03 1.002460200000000023e+00
5.144894400000000132e+03 1.004315199999999964e+00
5.148187899999999900e+03 1.005006099999999902e+00
5.151511199999999917e+03 1.003267399999999920e+00
5.154865600000000086e+03 1.001326200000000055e+00
5.158249300000000403e+03 1.001250699999999938e+00
5.161664799999999559e+03 1.003342399999999968e+00
5.165119300000000294e+03 1.006626900000000102e+00
5.168581199999999626e+03 1.006693400000000072e+00
5.172066899999999805e+03 1.003315100000000015e+00
5.175613000000000284e+03 1.001476000000000033e+00
5.179184000000000196e+03 1.001917699999999911e+00
5.182778599999999642e+03 1.002428499999999945e+00
5.186401100000000042e+03 1.002309300000000070e+00
5.190051800000000185e+03 1.000431800000000093e+00
5.193734499999999571e+03 9.991902700000000470e-01
5.197449599999999919e+03 9.994208399999999770e-01
5.201195200000000114e+03 9.979430900000000326e-01
5.204970500000000357e+03 9.957403299999999513e-01
5.208776499999999942e+03 9.927749799999999736e-01
5.212609400000000278e+03 9.920885600000000082e-01
5.216470900000000256e+03 9.987531899999999574e-01
5.220364599999999882e+03 9.966399200000000125e-01
5.224288999999999760e+03 9.927116799999999852e-01
5.228242000000000189e+03 9.926736900000000530e-01
5.232225699999999961e+03 9.935312899999999559e-01
5.236241799999999785e+03 9.967166400000000426e-01
5.240289200000000164e+03 9.986154400000000209e-01
5.244380400000000009e+03 9.986082400000000359e-01
5.248523900000000140e+03 9.982218800000000059e-01
5.252686999999999898e+03 9.982695099999999711e-01
5.256862699999999677e+03 9.987579300000000160e-01
5.261062500000000000e+03 9.987768399999999991e-01
5.265294799999999668e+03 9.975614400000000215e-01
5.269556899999999587e+03 9.937307499999999960e-01
5.273845500000000357e+03 9.951474999999999627e-01
5.278169799999999668e+03 1.009270300000000065e+00
5.282528900000000249e+03 1.003750499999999990e+00
5.286914700000000266e+03 9.993885500000000421e-01
5.291332000000000335e+03 1.006861100000000064e+00
5.295787800000000061e+03 1.011864700000000061e+00
5.300280899999999747e+03 1.007647200000000076e+00
5.304800100000000384e+03 1.001536200000000099e+00
5.309345800000000054e+03 9.979450699999999896e-01
5.313945399999999609e+03 9.972186499999999842e-01
5.318590600000000450e+03 9.984668100000000379e-01
5.323293599999999969e+03 9.995655700000000143e-01
5.328058600000000297e+03 1.000679700000000061e+00
5.333006400000000212e+03 1.002271099999999970e+00
5.338480999999999767e+03 1.004730399999999912e+00
5.343371900000000096e+03 1.005185800000000018e+00
